10000
1002
6080
2669
567
5932
6587
4139
8747
5777
5404
2842
367
3776
8987
1837
3138
2944
6757
5565
8061
6812
4851
5529
6657
2108
3094
5472
1495
4574
169
8810
8897
5176
8525
5849
5222
9939
623
5427
4774
9871
3959
8594
6471
2382
6578
5660
4873
409
1744
2153
5962
9025
2945
1952
2063
846
4540
1363
5544
8968
5083
5951
1416
7108
6545
8982
6407
7745
2515
3101
2142
2404
8573
1473
5437
8696
5012
8587
9255
1476
8386
7531
1081
5078
3971
5515
2272
8581
5113
5838
652
3119
2397
536
5611
3491
285
8190
909
4571
5571
1614
9259
739
2184
821
1397
787
3898
9457
8110
4293
1063
7618
2815
2792
5893
6080
1642
3963
1191
7672
2082
2953
3732
1452
3386
2183
8505
9385
754
9706
8993
4770
8291
9312
6260
9412
4020
2214
7989
1001
1530
451
8025
9024
4078
2599
2394
1542
9936
7184
7950
8756
7391
9519
5707
3661
3466
322
9832
7855
9787
2395
409
6147
2491
4010
5285
9969
7776
7586
6166
464
306
2596
2048
5303
7865
4543
2909
5093
8148
4416
6486
5489
9965
7600
6500
3640
6269
4266
3768
601
7644
7034
101
4397
8096
8697
6555
8449
9744
9384
2728
666
1512
3713
1583
914
1319
6295
100
9909
3297
7356
5629
978
6908
8339
7024
2380
1385
7661
3312
4554
289
4220
353
9551
7233
1619
213
7653
7137
8653
688
5334
2369
2439
4618
817
5672
5316
2286
7025
2220
6048
8673
1787
8151
1381
3175
3086
3811
9494
5605
7236
1436
2897
5899
4194
4362
3692
4941
8138
6076
9252
5893
4590
2292
3655
2081
133
9553
2520
5223
1318
2695
8680
7843
654
7724
6121
2868
8123
3852
3913
7121
5158
597
801
8634
8111
7793
5849
7038
3118
864
335
6339
116
3165
604
4975
7887
1714
964
3069
3075
7764
9578
9674
4589
1143
3945
3018
344
2330
7937
666
4412
7408
1095
1557
6229
895
7154
733
7384
2554
8894
403
4144
1941
4982
4788
3825
221
6259
8883
8346
9823
202
1603
2659
2480
2725
6899
7793
1698
4120
310
6928
4475
2317
3256
7368
4058
686
9415
8796
501
859
3154
2906
1410
8574
2256
60
5929
2281
7123
1633
1766
4184
2926
5838
2257
3281
2331
4200
1632
7625
4418
9367
9211
4526
419
9120
2617
948
9315
1539
9283
9326
4788
4350
8444
6488
9517
9961
9062
3826
8538
1493
4525
7931
2315
1465
6066
3037
6914
7821
6995
9433
6912
8394
5318
4479
307
5261
4925
4778
5760
7143
8456
3776
4657
4381
7822
3200
8368
6928
9719
7943
7435
1622
1883
7520
4096
7311
7360
8473
751
4835
9171
610
7403
3071
3808
6807
8937
5811
3325
2760
676
9141
7994
4874
2236
9472
5416
9627
5686
1201
7080
8736
853
3767
7545
7304
467
9177
2679
9152
3433
490
3989
1824
8330
6441
1876
758
330
8417
6297
8828
1751
8114
3919
3648
3162
3445
9649
9330
6789
5679
6073
2373
7186
2011
2621
7234
6634
4450
4352
9174
884
7857
2084
3811
5452
2008
6842
1395
8884
5061
7496
6495
2713
4734
1107
8354
3257
2924
5307
3834
6858
3209
2079
6946
7322
3020
1202
6320
4733
8256
9443
6271
4679
1931
2730
459
5141
7747
5248
5592
3378
5973
7987
8670
4383
2013
9488
2942
1595
5530
4489
5419
3873
41
7689
7748
3116
6228
4698
6528
5154
1886
3417
1321
5775
1612
4341
6705
967
4962
60
7169
4914
8476
4066
4910
77
175
117
4504
4168
9292
8565
1522
4390
2281
7253
8500
7073
4930
3682
8642
8558
6965
9289
3517
290
9034
2922
1599
3369
1877
6278
4803
619
3674
6004
4402
7897
7291
7663
7644
4616
8576
4089
2055
7171
2819
6078
1682
9622
9942
8272
9027
4212
8489
7525
717
4571
9389
3116
4714
4299
5891
6619
8398
5683
292
1933
2158
405
9247
6275
7610
3593
7274
4162
9074
2602
881
418
6797
4080
5549
4219
8575
206
8149
5961
4342
2697
8852
5361
9269
8114
1253
8244
4248
8942
7457
7281
6693
3865
4009
6015
6757
5662
7923
2414
6854
7727
8734
9210
3684
3637
3809
1213
5619
5642
4250
2669
3981
4413
3758
5767
2344
5703
7681
5487
1315
6152
4512
2222
630
145
8293
3746
3068
3405
2660
6225
5911
1
3068
1457
4529
905
2628
7189
7623
7443
7473
7188
7059
4363
800
485
5018
9732
7008
3865
7565
561
8799
8393
8698
6956
3221
8641
1321
1083
9115
5288
9824
3540
6591
1993
8627
1734
9349
3585
958
2413
6503
9938
4315
8389
5998
9612
3149
9255
2851
9850
4594
7777
3735
4001
3586
3372
5248
6459
9780
969
5091
1445
6883
7176
6357
3813
282
9771
449
8766
7255
825
2254
5956
4968
1252
8191
2653
9135
631
9544
5562
1524
4559
3648
7955
9706
6362
4591
2917
2718
7230
3402
4334
6962
4170
5813
360
5602
3831
1025
473
1967
9517
2642
8177
1814
6441
2532
9836
6160
3908
1987
9801
557
5332
3982
6915
6574
827
8654
8991
8260
2372
9356
7919
9542
9539
4736
7130
6932
181
8544
1449
7238
9504
9049
5600
5469
2381
7077
203
3378
3441
2310
8811
7225
4156
5958
2370
9504
5447
209
4729
5907
5515
4383
5780
1843
8823
5127
7395
5206
8886
8968
2644
9314
6208
9134
5844
1471
1119
9858
5895
8671
6367
9188
8913
8779
340
9543
7261
665
1869
2062
1657
9122
8318
780
7148
8283
8540
6962
1542
6102
2233
9895
4700
4782
2572
8509
8850
2860
6136
7962
7501
3331
5804
4542
1596
443
8415
6727
6165
948
4608
1045
7133
5038
844
7935
5307
4255
9326
9252
6225
8850
7055
433
7747
4138
8100
4130
6482
6404
2030
3045
6725
2579
5108
3100
1817
8448
5
6426
5507
8543
4737
8603
4921
5574
7899
1786
5218
7073
6569
5839
1912
4998
4217
412
4665
5882
1327
1597
7713
198
9319
9432
149
3643
5041
9852
5241
883
1595
9540
8015
5453
2253
2764
9068
3317
2488
4351
2027
3259
8399
676
359
5843
674
2031
698
3298
3622
789
6991
3468
1489
4765
3263
8340
445
1538
322
4170
3171
3187
3732
5861
5018
6054
5447
8596
566
4183
7013
5918
4022
4716
2817
7552
8323
5270
2634
2398
5495
7702
2128
247
5343
5444
2610
6709
952
1788
5395
2656
1001
8919
4250
7758
7907
4235
3457
8777
5411
8519
7476
522
1951
5463
5789
6298
7855
9635
2041
9387
1826
4441
5276
4741
5003
725
2860
5691
4586
9135
2153
5957
1823
476
2041
3755
552
4339
2942
889
5610
3965
5180
5975
1781
3561
2465
5924
8386
849
7838
4242
9114
3546
5879
9514
3786
7106
890
3769
9857
9161
1401
1115
3990
9849
7253
9083
6869
1311
6429
9170
6062
7723
3054
3174
4945
9128
5509
1639
6423
9799
894
8578
7803
2258
7405
8292
7618
2674
3988
9730
5387
2408
6707
5823
758
9108
6876
1638
4518
9043
4334
68
8918
5196
4975
9861
1786
3781
8925
8135
551
1278
5858
4120
2507
4558
9867
4905
9836
4905
5772
2280
9864
9278
9897
6878
6694
5618
2428
5569
427
1551
5243
8240
5190
2691
4191
3821
3405
4078
1508
3208
1269
5993
2273
7013
2901
3809
1190
928
7082
1486
3566
5785
7953
8644
6359
225
9617
3312
8152
8679
3645
6244
290
2502
3631
917
248
8381
1011
2466
2052
9800
2168
1058
6245
2178
6571
1653
987
9704
3361
5646
6024
2316
3468
7652
4331
6875
8969
7962
3354
4201
1024
1531
9749
1266
1132
3072
2057
4394
3167
1583
1819
9540
7305
4322
1181
5949
1976
4827
7568
1560
7338
7236
4838
9689
6629
4105
3964
8118
6876
6215
8847
6784
8700
5698
2865
3560
5602
5137
3820
2494
6313
8787
3666
78
4618
1690
458
5213
4192
2180
3723
2158
1516
4162
7348
5417
3661
4848
4894
5037
1341
3366
5828
8211
321
8737
5341
5647
8899
879
364
9732
2839
1022
1883
4464
334
5320
1901
4738
3340
899
9499
6408
7676
5640
2840
5944
2690
8749
5281
8179
3024
684
8399
6157
9511
3145
769
2237
7358
2402
1107
4322
364
645
674
2611
4014
8723
9026
3170
1426
6944
672
7685
6402
8911
9127
7607
3401
6098
3296
6600
5355
6320
3759
4435
628
5700
963
8746
2207
2725
9886
4731
1889
1740
7534
9908
9641
6862
5232
9707
9323
6010
647
931
2414
6149
4778
9993
6941
7802
2293
4388
7018
2698
4883
267
5421
2174
2404
2164
326
3285
1929
7298
7665
9716
6419
1315
653
6449
7032
6570
5622
5026
1298
5145
4163
894
2844
7270
6185
8379
2033
2116
8159
2796
4422
5855
3947
219
3705
9519
8321
6270
6063
8273
7241
2306
5649
5701
4302
336
8179
3932
6534
372
8353
8225
1717
3458
2043
9718
2755
3548
605
9122
9434
362
9563
4339
1258
7805
5554
8284
4732
5517
8471
6817
2170
6814
507
9914
67
5003
7743
1430
8145
843
2217
2004
636
1160
1470
8592
8927
1366
61
453
817
1821
7011
9695
6407
8069
7493
3850
8645
7618
7009
2455
4735
6701
8154
8312
2494
8337
2880
8847
5455
8424
7494
4909
4194
8525
6861
650
707
8669
6484
3189
8055
45
7848
4655
5490
6842
9909
7594
8346
1527
1263
4779
6695
7968
2344
577
7407
6813
7088
5533
1174
6268
2709
5962
6713
6358
9410
8415
1706
9862
7298
3303
3274
8614
947
3564
9419
8588
5686
3414
7577
281
4587
6287
1854
5880
9526
846
9747
5951
9252
1379
3683
3342
5519
1854
1043
3334
9741
174
9843
8592
3762
9897
7652
2421
3712
9543
4216
1521
4269
493
204
2917
556
5131
168
2176
2291
4666
7643
8340
104
6565
5877
8007
5704
7102
4544
5536
360
1472
7270
9815
3842
7729
736
471
3097
6564
4820
3900
3780
2133
7018
6017
404
7626
244
4937
5746
7935
2123
3063
7883
2819
4101
2375
7414
5593
5940
9656
4571
2589
9908
4598
8373
4668
1726
5911
8218
4956
1574
5220
9849
5401
2947
2803
2093
7923
3712
6031
7392
5490
7513
3377
6187
1143
7543
8286
6385
7640
908
4971
9533
5616
7843
4072
780
5782
6469
9510
8306
8679
1842
4610
6869
2937
4061
1160
6373
7704
5120
9978
3357
8026
2299
5381
8820
3537
5365
4803
1558
6840
2504
2092
7555
2328
9827
5320
7307
3557
1832
2492
5588
5578
2561
1894
2082
4789
5682
3509
6919
9035
6773
766
864
2798
6610
9425
7067
1659
9977
5388
9360
7189
6540
463
1554
8655
5558
6512
2535
1670
8195
8887
6821
908
615
9959
3345
8903
9831
7439
5385
4085
4831
737
5839
2529
5198
8769
6542
961
9835
1246
5224
3705
5129
4547
6895
8342
5676
4893
1766
7968
8507
3087
1627
1458
9385
3403
1244
3300
1469
1480
2583
5045
4596
5088
634
641
1639
3249
8425
8848
1534
6861
8602
7155
8921
4866
4641
7003
2038
5174
2229
9599
3548
5115
2696
3398
2492
8651
7495
2280
8090
3081
5192
2767
7113
459
2473
2198
6108
8891
5318
8947
8180
5308
4780
1622
5988
4166
1858
2236
8976
1264
4916
2359
9173
4977
4450
1888
7533
5204
3275
3883
5317
1667
2169
1019
9938
5667
5073
139
396
2164
9562
4129
7810
2975
5592
8422
6295
8861
5484
6815
733
9453
1511
7463
7966
5567
3549
5648
4377
5310
7668
6769
5954
2226
410
1465
2618
4510
2724
8720
3666
3644
8360
9158
7723
5657
7793
9693
7165
16
1540
6893
4759
4403
1990
2208
6035
9995
5072
3158
5177
39
1997
6735
3246
3089
9407
5464
9794
6067
5506
7227
7491
9496
3975
1335
1905
1690
6748
1995
8394
4231
1444
2123
9342
3326
9831
5419
2835
9717
4605
5556
9236
6503
7946
7449
1202
7192
686
1365
9450
5312
5522
1789
8720
2643
4153
8368
1637
5745
4540
3356
3636
2176
306
360
6153
637
4668
591
6626
4250
7228
6666
4364
5853
2441
2945
8836
9284
63
8997
4572
6218
1071
256
4313
6003
1710
1671
3622
4253
8963
543
2739
3164
7426
8664
2897
3384
2906
3841
5093
7025
439
834
4144
8355
3156
4199
4930
3008
9151
3056
9023
5199
7192
7686
8678
3629
5684
3185
134
4270
294
5760
532
4118
7253
9118
1555
134
5345
444
1472
142
3474
5188
4307
4037
3534
5620
6150
4060
2044
7601
3654
8591
8081
9460
1878
2348
7025
6009
652
8099
825
390
6858
6581
3032
6365
939
7253
477
2269
249
1722
6721
8035
3496
8301
9907
71
9431
8050
3389
8167
9865
3144
6658
7908
5965
4523
5349
2205
6359
3073
8911
7035
3100
5225
2981
8657
9327
8565
2105
9826
1256
4714
5035
6639
1821
3083
7869
3429
2512
3291
3670
9608
9840
429
2483
1233
2339
6613
7211
9150
475
7200
8224
1697
1753
2529
4027
3635
4816
4305
1255
5610
3623
5169
8598
2812
8748
3174
986
9836
8323
9694
154
283
4485
9943
9761
2104
5042
877
3301
6987
2589
1805
1763
7050
5598
7476
7675
5353
563
9823
9124
8808
4281
8920
1812
1561
2257
6827
2209
6131
4105
9462
4603
2902
5720
6770
1633
768
8773
8421
3302
1340
4571
2765
5077
4833
1099
2198
5405
5230
2379
4430
1961
3398
4993
9827
7463
4480
6422
8756
8567
6716
6425
4140
1566
4438
9226
2624
4306
1006
8589
4906
8099
9663
608
5895
8384
1121
5945
2759
9563
5847
5092
5839
7763
259
299
2732
8763
4045
6889
275
7032
9060
3578
2912
5024
5020
8367
4039
5298
3990
9820
2286
7718
2685
2757
7186
6036
5046
3994
4938
8614
2478
2391
1164
1029
1633
7163
1407
2559
196
2923
9175
8167
1525
5426
247
1571
8581
4780
5054
3489
9991
5745
3262
217
212
8346
1070
5192
5681
728
3962
9048
3512
5117
347
2875
346
7475
6329
3046
3016
7766
5214
2314
6433
6671
2994
4037
1257
4842
5588
4576
8897
157
2016
6340
1773
4771
9608
6385
2678
3489
4955
2081
5489
8588
4864
5535
8815
2202
3465
120
3349
4349
6832
1273
4286
975
7342
2642
3802
3538
1019
1943
9019
8406
9227
6812
1738
1832
8417
7458
1044
7167
7803
7466
9394
4988
5732
7928
6221
5960
7382
6890
7707
9489
5371
8788
3359
3658
5042
3715
5282
2741
8166
6845
3056
5746
8904
4801
9512
6387
9162
6377
8745
5708
6647
8492
911
3796
1441
8688
2604
5054
8087
7761
4684
2398
6933
3028
9302
1460
4563
5742
3065
2439
4874
2499
7478
7454
8712
6700
5497
4298
2130
7471
7095
543
4522
6706
1061
6297
9322
4800
8719
6829
7338
84
5115
9461
347
2295
2938
4530
5847
6194
1877
254
709
8008
7021
9066
6628
6215
7229
5628
8387
8826
3739
6402
6971
8758
6183
41
8206
761
4117
8886
8815
2649
6832
3625
853
3169
5002
6850
88
1977
410
791
1950
9202
3162
7008
4328
3451
3946
2304
7738
6627
3192
2190
204
735
7350
4254
244
3748
6170
4121
7276
9745
2029
8995
1216
2978
4523
9832
9657
8119
4338
4778
3636
2082
9156
20
1299
6934
4572
6809
5217
1429
9977
8309
9407
7081
2880
2634
4374
7265
5615
3470
1191
8339
4642
9185
9284
3931
929
189
217
2305
9924
9040
9436
4481
4505
1010
3455
1135
5751
718
5066
3372
4979
3189
4560
3826
4423
9664
2396
9675
9826
7814
3746
5414
3954
7270
1298
8291
4786
6929
9030
4543
5577
3564
2470
8300
4316
4841
7225
1406
9615
1266
7221
7752
7852
6840
6875
1506
7291
3903
514
1414
692
287
5683
4271
6977
2159
3570
5769
4772
236
6827
972
7293
3417
8207
310
6327
7419
5295
9858
7827
5075
3833
7429
6330
6652
345
306
8418
4028
2895
2644
62
185
5820
4633
6944
1510
444
20
8625
566
7899
8144
5769
8484
7685
8843
3133
1235
6876
658
4874
9969
6566
5229
6136
9615
3900
4033
9120
5182
3205
6923
3255
7413
6890
6386
9818
414
8417
2557
1089
4543
3502
9489
5217
7257
3448
8735
9880
6147
6815
6397
9689
4178
3802
5507
794
5515
6346
4054
5233
9461
1231
4265
2806
437
3776
3346
2365
2690
1972
4861
7893
5752
7818
2894
8363
9858
1322
5541
2529
9773
1228
2530
7528
2331
9599
7988
1764
2973
7600
9629
5061
142
2249
9584
7148
7192
8189
6725
8357
5183
6903
4946
3122
4449
1788
6771
3304
3300
5494
622
5943
4484
935
8009
9355
1971
9225
582
4814
605
2583
8806
7039
2385
139
5564
249
9341
1773
9101
9817
9562
7242
1571
9810
2887
5934
5886
2191
931
2379
6287
662
8749
8753
4431
4018
716
9121
9697
4545
3861
1632
5367
2649
5294
8277
5529
1844
6435
8782
6988
2316
7230
4613
8759
8260
7167
4803
1442
6367
9782
545
9355
3836
2421
69
5902
5506
1447
4663
96
2872
3219
2678
5777
6388
9149
720
2034
2244
5670
5341
1601
2317
5461
2401
632
5209
3004
9627
2650
6726
2046
559
7219
1655
120
6772
913
2562
3594
2065
3882
119
4863
2620
5152
5328
6817
203
8328
9590
7511
1802
8463
8767
5786
2497
9647
8481
7926
868
3974
8917
8001
1594
6362
8316
4853
1337
7332
9459
4531
4906
1338
2619
7852
2128
5087
4998
332
8380
8213
2241
4339
1990
6831
6758
526
8260
7687
1028
5336
1711
7024
1434
7942
924
8273
3342
8747
1572
6390
7034
9058
7725
7486
5182
1423
4821
4166
1726
8935
975
9534
926
1833
3091
8551
7287
1439
1134
8555
2180
9527
9247
8517
3704
9901
6414
7399
1036
7736
7452
2011
4237
3493
6829
3024
6176
3900
2814
8075
9941
2386
4444
40
7541
8926
4716
2843
8711
5469
7075
3481
344
5268
1642
1988
9059
7243
705
4481
9376
6976
4514
2512
7290
7659
5947
9820
4755
2995
2747
6433
4443
6931
8079
8717
6525
6981
1910
4645
1270
2715
2912
739
6124
8084
4769
6062
969
6288
6507
3435
6675
5275
8155
4037
711
3113
4229
957
5372
4199
531
6880
2451
3569
9202
3037
17
8648
8617
7127
4188
9062
6856
8188
6954
4478
9308
3623
5584
6956
3136
6245
3193
500
2129
2221
618
2266
6380
7979
7037
1958
8501
7461
748
5499
8079
6522
2182
4394
862
138
5425
5963
3360
7024
328
6770
9799
3343
9919
6348
7703
4744
514
9373
6219
2766
9166
1098
1121
145
1755
4828
2601
1944
1084
2228
8091
8923
4918
9961
809
4565
1766
1837
580
3732
8359
4701
4882
6859
1824
7240
9504
9159
2293
9506
7071
8437
8218
445
3220
1800
2344
1549
166
4781
9712
2402
4724
1672
6395
1987
3375
7844
2089
7409
7038
6804
8034
331
4379
2401
8437
7847
3268
9124
499
2487
1343
9283
5272
8996
6438
1841
835
9280
8535
2882
367
2774
3629
8821
1092
2145
9747
3027
8666
6455
6234
8749
7008
2779
1291
3271
4543
2954
8887
2209
3907
9794
854
6026
4708
620
6406
4314
1213
3043
2071
395
3196
5327
8083
7018
1527
9128
5009
4480
4873
223
9004
1699
8421
3009
1939
1362
4466
7058
882
1498
6384
7769
4227
959
2262
9884
4652
5044
4402
6992
3166
4091
5905
4422
8384
4101
251
1880
1002
3310
310
9042
7947
9174
1596
8079
5019
2161
3963
7141
6566
3477
6137
8010
8365
9549
4541
818
2474
6517
816
447
8184
8787
2854
7149
3220
7567
3401
5218
999
741
2776
837
2316
6716
9660
5920
4884
2788
3544
2656
2136
815
9498
7247
6723
8148
7688
4715
2225
6100
5588
5034
9089
6626
8433
9485
9076
5606
1047
4698
265
6027
1824
3954
6064
9110
1492
2681
3190
13
8803
8700
6249
7162
4161
5469
3302
5762
8772
7063
1356
6805
8697
1358
1755
5547
6692
6790
1471
6873
1670
2848
37
6937
1222
7369
5973
9090
8773
6931
7619
223
9614
3092
2563
98
8777
6633
6525
6431
6849
1413
79
8440
4849
909
3159
1668
7334
8156
3901
3755
1755
5560
8964
8520
1170
3326
2885
3575
1822
8656
4858
8716
2172
1264
7858
2232
186
3566
4267
406
6073
4814
8461
1709
1648
6601
6558
7675
1032
565
450
8442
6901
8259
3813
1172
4870
3683
2652
2533
7987
5531
3282
1193
1330
4737
4557
5173
8889
3816
5730
6106
9233
1965
2690
4492
8361
4909
7251
4183
7280
2129
369
8111
5874
1271
6680
5514
5646
1853
9876
1127
3232
4860
984
8218
3712
486
2688
8045
4669
2864
79
5153
53
2601
8570
7341
6582
6663
7711
8245
4322
9395
188
6236
5802
1135
3143
9237
2454
9814
1841
3182
7749
2597
2445
8827
2572
9325
3245
9949
9293
5217
31
3953
8892
8623
4464
4309
6550
4662
4400
4919
8126
5684
3206
515
2975
2506
2642
7940
3069
8538
9768
7199
6623
6885
2594
5517
8516
5631
2111
4133
7250
1873
3339
3450
2232
5140
7877
5263
2813
2906
4207
4775
5987
6418
4531
3742
3098
9033
918
9467
9603
1730
821
7676
7601
2758
8175
4040
5713
2124
9920
2078
4651
460
5515
6538
1677
6106
7123
5561
1696
8252
6628
348
1292
6472
8688
7079
674
7125
6732
1240
9176
760
588
4234
4697
8931
3171
4161
2770
2375
2765
7435
8813
8976
3238
8543
2932
6681
7759
1770
6839
4570
8359
2690
974
4056
3571
6461
3624
823
9401
5446
5965
3677
6455
7074
4655
9674
9899
2435
7106
6999
8678
9420
5834
9871
4021
2052
6783
930
8065
9306
8265
1743
3543
2295
8505
4333
2440
2084
8854
7700
5470
5855
4732
2187
3607
7687
1228
3310
5957
3324
4607
4758
8972
4782
5051
7071
6714
856
3005
9888
4589
3992
7234
4902
905
2125
7492
3698
8871
2501
995
6240
939
5241
7506
8165
8940
6210
8037
6615
5453
5
9779
1719
4910
8413
9286
8241
9803
8916
6379
2767
6032
2519
2656
6372
778
1800
7284
1422
3593
8549
5016
62
7134
3507
4795
6988
8138
1779
9253
3011
8657
8613
1657
645
4090
6148
8114
4594
9083
9037
6944
3600
2293
5765
3600
3277
22
7097
1931
7819
2291
4518
2265
7502
9370
9016
7958
4559
1082
8878
3550
4582
4471
4901
3275
4312
2492
3768
3018
2596
1457
613
4623
9323
3025
4650
3363
5515
5561
2193
3226
3153
5870
6792
3019
288
2645
1183
3821
645
3004
7791
6239
3453
4421
1153
7406
8506
3363
3022
7658
3242
7801
7791
8659
6052
9855
100
5326
263
842
5659
3641
477
8114
631
1242
2862
8224
8029
176
3577
6868
992
2632
6515
9518
808
8894
8852
3436
1161
2398
2349
5657
2910
8925
9278
2494
7703
2064
6444
5952
229
866
8134
4706
422
184
3482
1035
8214
6381
4576
9444
5788
2655
2271
3679
1582
9293
6113
2679
7776
7532
5325
3111
1726
2841
9629
4646
5076
5586
5965
4696
5566
7591
8132
1271
291
1068
7738
5872
719
7163
629
9935
4280
5796
3742
7049
1429
4937
4311
819
7657
1049
9928
9492
8592
9370
900
2145
8809
7975
9230
4863
9228
2617
6786
4913
6388
2104
6459
8923
6151
8549
4617
3181
9020
6077
4684
5745
8033
4546
9592
3024
534
2612
8543
7050
82
1507
901
3909
5638
2059
8721
7601
6994
5405
4072
6181
5493
826
26
4511
4191
4746
7520
6510
1689
158
6594
3935
476
1224
1087
8750
1167
7193
9677
9207
312
1921
5453
6071
935
8364
5092
8979
8940
8908
8727
5422
6981
5337
4744
6212
4169
6722
9364
4676
9883
2905
9014
3500
9283
6088
7932
1855
1076
725
1693
2412
2856
298
4068
3387
6005
1111
8375
7731
1907
3527
824
4398
3324
5577
340
3550
8764
661
863
780
8199
8616
3115
9220
1211
1049
2619
1600
4236
2293
2501
9746
9358
78
5696
7637
848
2630
4620
582
4112
2012
8064
7881
4586
597
2408
1967
3549
4163
2276
6589
510
5643
8744
4929
2054
7679
7196
9558
1830
2567
2129
238
5063
9115
8751
4353
5062
2008
9711
6349
906
3056
920
2008
6746
7068
5012
5876
1973
1356
5389
3600
1805
5648
2999
488
264
8857
9665
5456
4498
3567
4782
2577
7166
1313
4665
1179
8416
2071
8236
5089
575
5502
5088
3659
4063
2422
4768
8106
8339
4194
2907
1312
7834
8240
6193
8457
7436
4755
6717
8713
3125
4694
2851
961
2860
2148
4652
4577
9788
8987
6069
2338
1773
3732
768
8822
993
3535
7578
1379
7622
5558
730
8797
6093
8328
7718
9165
3387
7851
3762
6211
7949
8501
4091
3481
5743
3771
3545
8061
76
2306
8814
1280
2066
2516
4060
1411
5909
9113
4558
5091
2918
2585
8543
3061
8314
3436
8563
9169
9243
1386
3535
9914
5400
9784
1106
196
7262
3148
1097
1560
7446
5340
2454
7834
983
6808
3786
9058
2532
9131
4174
7788
9842
4634
5985
3014
3399
1759
9702
2712
8456
2823
5150
7684
5312
2281
1408
7015
6309
4072
3118
2401
9663
9437
8535
2599
9423
1208
7352
7822
5346
9324
8759
3757
4023
505
8403
8591
9515
9377
8015
6919
5379
8695
1891
6115
5554
8288
1344
9354
4254
2531
8271
4377
6074
3266
3949
8300
8801
8305
1929
1530
8417
9938
690
437
6799
8132
5580
7624
4951
6513
1486
530
5219
5068
7304
8677
1012
209
3778
3939
3215
1955
6641
9623
2990
3330
6122
7400
5089
9609
6290
8403
1724
3920
1021
5548
7236
473
7455
6331
879
910
1479
2637
1729
9193
157
4576
3535
4061
7186
4769
9842
1363
6036
3209
4619
6537
7944
5672
342
3424
5
791
5124
731
4722
3925
3530
6843
3043
8166
1204
614
2594
4845
2242
7679
8920
3487
6237
6783
8726
5941
7832
2169
7073
6030
9116
8999
404
5435
417
6430
9162
2571
1754
3710
7288
6770
3773
2857
7995
4188
9409
1433
1662
2378
3916
239
3011
1094
59
4408
5715
5652
6271
5182
2236
7887
5818
6840
8658
3202
1203
6497
3255
85
4365
3919
7712
2954
5771
764
9769
1250
5349
3562
5100
5011
2843
4451
9232
1460
333
1202
9576
3058
8380
5845
4957
7791
5958
6773
3812
8590
9430
2584
7443
5724
8627
4078
3509
9885
1912
4989
8484
9146
1570
9391
6517
5795
1436
9294
3578
38
7586
4058
6077
7427
9430
606
1689
1820
4160
9523
7975
208
3912
7357
7393
7662
8201
3833
5970
3970
1575
35
4294
6948
5570
5669
4204
2179
8457
4776
3667
3531
4850
2353
3859
6397
8084
7293
7829
4265
2914
5541
6332
4320
9232
7324
6858
9758
9878
1878
7815
1328
9139
7574
7694
7204
3065
3100
1021
4218
8414
2942
5950
620
2947
1532
8535
4372
6736
214
9418
7734
9300
3699
6205
9191
6591
1443
5471
1064
8436
8819
9203
7151
9710
4166
7366
4290
2177
266
2088
5958
9409
8881
576
1191
857
1280
4760
5009
3368
9417
8416
2073
898
9110
8428
5159
3788
1655
6909
8155
4456
6603
8642
225
7750
8931
9258
8962
7866
9997
1238
2346
4165
7322
2375
4233
4058
7040
561
985
8357
9963
8563
8498
756
6815
6540
2970
164
7338
4528
6908
2483
8876
1989
5383
1623
3287
5881
1082
4065
4525
7960
9484
9243
6431
394
126
7581
7233
6823
4785
8789
9702
669
6614
6584
2040
902
8387
5142
1402
8828
7083
3966
5964
3899
7819
2147
6292
1925
4170
6208
8325
2672
5621
2007
2328
9648
4765
1216
1874
9830
26
2333
6816
1301
2099
2095
6697
3525
8893
8855
7096
5105
31
5852
4813
8935
4560
8846
4748
3440
8252
8900
6255
6376
4172
9387
1732
9074
5749
3624
1404
7692
430
466
516
1233
5714
3865
9125
6583
7646
4561
7278
1093
5190
9172
3007
8863
2902
8797
9440
8078
653
5314
5861
3037
2626
8991
1948
1763
7456
580
8079
8697
806
1985
2928
5155
1225
6073
5572
3980
993
8944
2493
2796
7426
1558
9403
5487
9189
4077
9431
4117
5586
9364
918
5360
9427
6581
8459
464
9885
7150
4552
6528
8080
2747
7939
9621
3378
5227
4491
7106
9940
269
2484
4343
2295
3206
2668
5826
2474
5281
8423
1613
1002
1658
4039
2313
9061
7478
503
6209
7004
7993
7375
5742
5352
6590
6888
8781
7351
7559
2168
5730
6591
2396
3961
9708
5594
459
9774
9004
2955
3920
2965
942
8092
3932
9781
5861
4281
6594
5184
7534
7852
7550
8425
6859
1308
3490
9150
3121
3146
6695
5412
9697
9734
8384
1024
4899
3860
6265
628
1142
4392
6308
9512
9705
1673
7194
6606
7630
3990
6362
3473
7052
8959
1650
3087
5575
4205
8244
3093
8572
9823
286
7729
6685
3504
3833
5937
3897
9842
6337
7850
3266
2655
4473
6675
7291
9106
2976
898
8802
5419
3252
9491
7194
9087
8798
7191
8099
2433
1674
5602
8765
1024
5134
6788
9667
1487
3625
966
5280
3056
9834
1128
6084
2179
5249
3175
1622
1023
3322
7491
9551
6522
9087
6142
2952
867
7805
4638
7380
9583
5765
1244
7883
1798
1342
8593
1823
2937
2204
1111
1100
6038
5914
3210
8527
5093
4083
7542
8476
8830
219
3813
8579
9854
377
6875
7150
4890
2003
402
3417
8323
5889
9031
8452
2086
8866
6797
9027
1908
3463
2682
2437
8287
4191
2302
9425
798
6763
5478
5680
1081
4062
7598
163
1204
5108
7275
4404
8203
7441
2682
5334
3968
8045
9960
5752
5051
1813
8606
2549
9779
2788
8631
3657
2562
2178
3168
5954
9401
5760
7119
361
4582
9974
9500
6903
2671
140
4306
8878
9801
3691
4070
4148
7025
2355
8791
2303
8444
6541
2769
1502
8872
2045
7323
3058
1862
8445
936
8009
8101
6790
62
1903
1428
5634
7489
1606
4498
2885
5078
9496
3207
5352
1872
4003
9323
350
1658
4836
9264
2462
5160
5664
1205
5685
7382
4771
6241
230
3784
8533
218
5043
1061
4688
8466
3505
2070
6127
907
9972
4253
4641
3996
7431
7702
4866
8401
8602
2524
1958
1503
5654
5913
7931
8771
6062
6775
5267
3047
6182
8599
3648
7158
205
1457
4008
7058
7076
7478
5051
6026
6250
8314
3130
8842
4272
3652
3696
1112
1951
4685
155
6195
2686
1449
3642
7696
5052
5098
7834
2257
9357
696
6509
422
1273
5880
567
6519
3123
9544
2670
9631
9737
8441
4106
5246
9541
534
1675
1338
3329
8394
3660
3554
3778
1623
7960
5377
9062
2104
7370
5664
6054
2038
215
8757
2966
8423
5909
1985
9670
4355
9020
8349
7313
6528
274
2605
1741
5714
110
6629
3762
2973
2691
9109
7227
2936
4933
4839
9878
4436
110
6926
4083
9396
333
4263
9557
3220
5271
1379
210
5206
2532
5303
1173
5628
7008
1464
248
7715
9117
2114
8805
538
7736
261
5990
4799
2112
5308
7178
5923
8800
3265
951
2616
5244
9597
475
7160
1154
3141
4514
120
4888
1143
4758
7048
4574
1968
2020
5816
1389
9777
3410
8023
1032
542
8543
80
4128
3466
2248
5293
7440
4609
6747
2504
9749
8101
5495
8285
2905
3435
8460
374
5262
6045
8413
7020
5917
5663
8781
9270
8804
4221
569
4164
6472
5128
9071
9325
5011
3778
7411
7270
4175
845
5744
5500
7294
3752
8453
7235
9169
8300
5158
2292
1341
8851
3098
6316
140
6150
2339
2578
2379
6190
9078
3401
3357
6871
4987
48
8648
1359
6691
267
7472
5688
9364
6189
7494
4304
6273
8013
1867
1921
7706
8873
7510
2979
5492
8353
4782
2400
3324
9478
630
6744
5166
8294
1644
9642
5880
5124
6112
2244
4142
3351
2294
8251
6823
9632
8761
4708
2236
1591
8100
7250
1774
5361
8435
1025
4428
1475
4281
8357
297
4812
6349
5958
6285
6525
9534
3893
1604
5399
1325
7070
475
6487
2808
9021
2727
3598
1583
7726
3895
9517
7931
3000
5750
3436
9144
9295
8761
2592
1925
1507
2319
2831
7991
9087
9790
6869
5509
473
128
1640
4648
8755
5080
1898
2080
2011
6791
1527
2039
195
6400
4319
6623
7614
1811
1664
9254
9621
687
4063
1840
9292
9895
477
2655
6635
5418
7288
1940
7819
157
1758
8315
4521
7364
4058
5203
5353
9568
559
5542
7591
5520
5734
1719
8115
1651
1300
8872
9932
9633
1885
6351
7424
9618
9654
6579
3890
3749
9568
1481
625
9750
4864
4189
5908
3380
2420
6448
3776
5941
7169
2668
6828
7632
4019
4741
8239
5791
2832
6244
6587
7834
8871
8322
5225
7894
6827
6952
2366
14
5251
1898
1826
3742
6196
3483
3840
9939
2876
3184
9103
4775
2051
7666
7853
6723
2659
9267
7494
8106
7496
8065
7137
5227
5005
537
431
962
316
7047
8558
7966
3082
9548
3430
6159
5329
1115
291
8562
6474
979
8239
2447
4571
1767
809
346
8131
706
4635
9189
6020
8388
3724
9210
7190
5802
1174
9464
537
3944
8250
8499
9491
5013
3897
2931
6835
4633
7227
4162
6967
4491
532
5563
4562
6970
6233
6672
1777
1413
5536
1544
3758
955
9305
603
6098
4444
5784
3813
8710
6397
6807
4705
361
5275
6201
2721
5208
4328
3684
6469
3244
5459
4122
282
3783
8447
5706
6752
3637
8995
1596
1274
4810
1033
7784
4433
1660
8995
8107
2440
3406
8467
68
1312
8155
3165
1536
988
5441
751
1403
2357
7591
2789
5570
9547
8589
1624
2034
496
6805
4437
5533
2998
2640
770
5888
3474
9410
4807
4852
265
6925
2547
7488
6774
9513
3621
5915
9613
7885
8684
7903
2008
7052
2424
6150
5159
274
1200
6135
5689
5865
7234
2332
1338
8351
3280
5562
2171
4380
5543
8552
1276
9570
7778
1424
9646
6255
9943
6844
4870
6043
9988
9175
1557
7503
2141
435
873
8021
3271
1608
9674
5226
1035
9956
7605
9063
7715
5570
4213
6786
9874
3394
6622
3597
3649
101
9938
6122
8892
1897
1389
9300
2003
7901
725
9832
2171
3821
7479
5119
2989
9461
1720
8189
135
5385
5320
4698
3814
6483
7000
4630
7891
4458
2830
2480
3403
4572
1319
7978
9599
1722
9586
9927
6377
7683
9243
5934
8583
7797
6272
6938
7497
7746
8342
8029
5404
9635
7229
1065
99
883
7191
1518
754
2869
202
280
6110
1758
97
4501
2450
1138
6011
5051
1821
5656
6383
7575
7740
9756
8958
876
5830
2958
2382
9381
3089
3509
9553
2893
5723
9960
5715
8427
3151
7836
8382
5128
1245
1916
63
1440
9129
651
4740
8171
221
7203
1958
4104
7106
3803
5582
6591
311
5842
3148
4123
4083
3479
6406
713
2785
884
5431
4847
7356
9613
8711
858
5114
7857
2090
161
7163
3334
5922
8452
5128
6409
7769
8964
4611
5388
6414
7742
9746
6364
100
4852
9281
8884
6773
4798
1119
4259
9046
639
5243
3589
3873
6476
7419
2138
6897
268
4838
8820
9069
5819
5819
3878
6623
9095
1973
1353
8095
6124
4908
1443
2195
5145
6454
6959
8583
2397
1133
2577
8835
9040
3883
3632
9327
6952
6466
5527
8485
2856
2818
8680
9436
8947
2707
1124
7869
856
3750
9776
6661
4913
3505
6571
1156
6782
6682
2109
2270
7754
1445
4412
6424
7122
3547
7033
7913
8805
5914
8269
5036
8221
9897
3312
9458
3552
2888
620
7611
2586
8953
6738
7311
2997
7783
7633
8392
8383
7507
8794
2382
568
7478
8649
3413
6968
523
8353
5857
1588
2007
2993
2225
3826
7385
5205
7302
1005
5368
8085
3761
2041
8921
6973
4041
804
4940
2649
4087
2172
1327
4377
8529
3160
1417
3212
4024
3736
5583
2126
3154
6173
8393
258
4793
9713
7197
7826
454
4273
6069
7810
6013
7962
1282
8140
3412
9908
1920
7768
9164
9507
7947
4736
5248
1122
5259
2358
6727
2564
3914
3322
6428
8239
9184
957
4855
6482
4512
3303
1826
230
1908
6355
5069
4305
6873
2067
9553
7432
8621
1387
8636
8241
5130
5345
9963
6217
6470
6571
6065
4800
6958
1329
9607
6278
7426
6630
3756
7354
7573
547
876
7580
8036
3414
6352
9069
2938
4048
3855
8840
4442
6107
952
292
8926
998
4280
1837
3916
3183
3539
3108
7866
6560
3654
9982
6564
802
3435
6383
9430
6657
2197
1447
9383
7283
5344
540
6039
3111
1537
7937
375
1039
6641
5815
1146
9492
6419
6789
5781
604
5344
7278
1939
9633
4605
2166
147
7713
7361
6915
8473
5599
8613
2589
6304
8427
598
5825
8758
1005
7451
7713
4249
90
1295
926
3789
6259
4277
5221
7477
1377
5002
495
8015
1085
653
4512
2132
1735
7003
1014
4738
5137
4032
8224
3625
8702
4612
8168
9637
8494
1950
7027
3272
3899
3421
8122
9991
5642
8061
1781
4954
4442
9324
6352
1253
3141
8936
6959
9224
6437
6076
9376
3463
8325
6053
1288
8008
8955
7835
3330
1070
6028
3139
3566
5180
6897
6578
1652
9062
9344
474
3672
4857
383
3791
4369
8949
1825
3439
6947
5596
6337
4425
6212
4350
1128
2300
1572
1183
3176
5059
2441
7621
6837
3408
9815
2936
9350
7740
8197
1854
4281
883
1813
3849
7041
1425
159
8573
6762
7551
7942
998
4346
4039
3665
7121
9780
2745
803
8249
2760
5595
1220
1601
9694
2110
1207
5228
7325
1314
4316
6806
4642
2830
4263
3136
107
2866
7902
9515
8184
3481
4561
2196
4064
2387
5956
1063
6409
3446
3974
9379
8476
2432
4709
9466
2917
6288
811
1717
1640
3198
8347
4724
7151
8707
4088
2142
3382
9681
4275
2934
5094
9843
2503
9584
6330
8263
1284
8657
8656
4048
1270
500
384
5257
4109
7123
9657
2073
4148
1405
8338
3642
4301
1400
8809
8063
8856
5229
2385
3942
2880
4596
5978
1397
7611
5943
7989
6147
5071
4258
6795
6384
9752
5354
4507
1657
4841
7961
67
138
3441
1082
6391
5445
8568
299
8658
862
7256
6819
3327
4502
2605
7715
9438
3397
1489
5959
5848
7507
7904
4698
9904
7032
1552
1529
2195
278
7082
7339
5414
7161
2383
3299
4414
829
1904
1350
8945
7749
2095
5446
843
9385
9084
3123
3908
8830
7618
6264
5840
4699
4746
5550
5712
6860
9214
9777
1895
9147
1444
3074
4492
7840
2501
3041
5074
4627
3460
8896
2978
3713
2707
864
5362
5281
2471
3265
9657
8064
9576
4867
566
3327
9001
6364
4280
5873
7653
1010
788
4450
802
9761
1161
3662
8939
2621
737
3313
8479
2786
8623
2661
9890
2511
4096
3220
2459
1000
5315
3880
7977
9251
7740
6909
3148
3781
21
1380
1085
8645
439
5744
92
3172
3615
9154
5699
3488
6496
1007
1903
7043
7544
1056
1780
745
1220
7313
1361
5377
9726
7127
8814
3015
514
7722
7906
371
8131
7535
1206
1098
3246
3994
6374
3502
4097
7758
8766
6211
5716
5183
3263
9089
5322
8003
5600
5989
5475
9100
5611
9719
1193
4476
2471
6399
285
2963
3272
3473
2539
1338
3014
601
926
8639
5134
3736
6809
8121
2866
5013
6464
4008
6916
6817
1845
5612
5071
7790
3014
9072
3274
968
6375
3817
4185
6975
5201
3865
7460
3473
8704
5649
4068
1289
8018
1650
6598
2138
1918
4449
3421
6465
7366
7727
226
3954
2693
9643
2942
5117
6980
1072
8898
1482
7046
999
1645
8559
6939
9252
2732
9748
3811
2559
370
2412
8489
68
8464
8306
721
3097
7491
9315
4475
667
8948
4668
9253
9822
2824
8060
7128
6
3524
2809
8785
1212
8851
3734
4923
5572
7616
9553
3818
1850
7435
4880
1500
2400
9167
6324
4484
1423
3646
5619
6285
9084
8466
3621
9313
671
6900
8202
2702
5472
522
8757
1115
828
8409
3617
4464
4186
7717
2228
6561
6352
3938
9068
1664
4854
751
59
4929
38
1241
4509
5817
7312
2211
7331
7294
8988
2403
2734
5981
8961
1519
5529
1137
936
3116
6817
2340
2268
2185
917
2367
8331
2315
4243
583
7243
8732
3293
3475
9062
560
7246
6076
6204
9817
5310
9546
2036
5118
1248
3784
9821
178
9292
7218
738
4119
3260
2693
5526
1457
8046
6254
1477
9153
1895
4677
2479
2116
5844
8342
6665
868
8527
3645
3534
4513
3834
8992
7232
4018
8995
9895
1427
84
2836
7827
296
4992
1189
6216
5970
7324
8228
1776
5104
9926
5822
4463
3975
2553
3731
5987
8362
9412
6036
5123
8922
900
3497
6797
519
2470
3416
2559
865
1724
605
4647
5427
2191
1911
557
7807
3906
4544
4277
4460
7463
7023
4530
8329
4947
2127
6455
1252
7437
7226
3194
6697
2579
7915
8214
6805
5218
7379
1564
3834
9619
9780
545
8846
7969
5205
7854
2021
346
6095
1880
7898
8677
6922
4186
8730
5221
4262
8263
355
4267
4630
4917
3462
4800
4997
6294
3815
1819
1958
1088
3891
310
389
8021
3878
1801
7819
3927
614
5136
8177
8076
5955
8117
166
1611
9397
3793
7031
3182
8552
5174
2156
9191
1293
9238
1789
7415
1573
649
6724
7655
286
4630
4453
8978
6236
8096
8870
6598
538
8766
8910
5189
7779
4407
1143
9339
9658
205
8688
4494
9230
1155
3300
9341
2221
2932
4174
4073
9198
5840
809
4920
1890
4491
2601
545
4280
9735
7089
5057
3275
3954
334
5518
3255
3819
6579
8720
6842
3374
8592
3586
4327
308
6512
2602
2972
8917
6395
1974
4731
4495
9964
722
6682
2729
7192
2764
964
543
4991
1235
3216
3503
6272
7542
7689
7838
1526
4365
1250
2364
6760
3405
45
5172
3970
4312
5708
8736
8192
7462
9195
5852
4985
3648
6322
9862
9022
9366
7841
6598
5776
4818
3534
4481
4099
6750
9975
6858
620
9626
9747
1857
8618
2916
7492
1879
3540
3327
4064
7981
762
4542
3392
890
7303
3205
4346
1195
9998
9625
7374
4288
6775
4645
5551
6618
5994
8815
2475
4309
2121
5779
9237
6261
1837
9123
8279
2193
6063
8162
6045
9189
9186
3778
5535
2830
558
9885
1662
5049
3661
8406
8267
5499
448
4493
5704
3600
4232
897
2994
6415
8407
55
3739
2867
3876
4451
1522
7459
6115
4361
4929
8315
1380
9491
759
7995
5099
915
1730
1773
3763
1872
6784
3762
6197
6399
6270
1853
3183
1406
4756
8521
6582
5364
7174
5594
7503
2279
9616
126
7392
7707
7021
53
5592
2529
694
9006
9003
4755
8024
1403
4623
4254
6684
9542
8059
6600
8407
3640
7574
9548
2309
5111
2500
8784
4945
1108
1211
7051
6925
2753
737
8703
8478
3194
864
1501
380
1638
3772
7886
3867
9330
6595
4175
8370
4932
134
7583
7940
1039
8510
4619
5629
3580
6616
4166
9694
718
5728
1244
2128
9629
1465
5264
5873
2966
2069
926
5330
2350
4681
1250
3986
6136
9259
1237
5301
373
8158
5228
146
6391
7330
2008
7039
6566
9799
1139
6312
175
3649
3174
6016
3474
2293
901
2762
7205
5226
9042
3299
210
9692
1140
9168
6142
9107
1393
5734
624
5575
9257
8440
6305
2956
3088
4879
6297
3885
6132
1719
2106
2005
8235
4580
9702
5089
9404
3407
1072
3427
4929
9985
8013
6553
104
2529
5734
106
4924
569
8957
2618
8230
3645
5916
5161
2694
3432
6964
9049
5112
513
5186
6297
6518
2284
7330
2196
6541
6206
4900
558
2933
3658
9274
3632
1402
256
1706
1199
9268
9765
4067
8352
7735
3613
792
9040
6934
4281
1223
2282
1387
7421
5740
4533
1962
6614
9893
8116
9602
427
5303
4729
436
1595
5325
6061
7207
8657
3523
1025
4147
3193
178
3644
8885
5846
2876
1180
9161
55
5183
721
158
9890
1180
8657
6252
1479
637
7220
1795
3136
3069
7306
5372
784
7140
4840
8661
3385
6117
9612
5135
7763
4571
5747
6108
2590
551
6863
9045
451
4961
9648
5979
1341
1213
8440
680
6836
4516
9769
7123
9331
6409
5297
678
3766
4951
3945
6432
3409
2184
3336
5284
6878
6754
8350
2045
4920
3433
3027
9946
9888
1779
1387
5970
4568
9778
3138
6317
626
2560
7501
5996
3782
9411
3946
2931
9367
6343
5051
1757
1628
9837
5933
9127
651
7801
1749
667
2827
7473
4866
9047
4111
165
8521
2616
8421
9940
1669
6925
1579
7483
1163
8724
2703
5666
8
7129
71
34
4922
5957
4451
5418
3847
8985
1588
4397
2990
5683
1355
3091
6568
8398
6197
531
1353
64
8940
1678
5238
6952
6988
6334
6781
6720
9133
9363
1111
1717
9718
1968
9050
7035
3494
5022
8889
3897
7677
2123
1144
9408
1157
256
5976
6015
767
8819
4650
3707
3283
3034
458
6526
6047
6119
5304
9876
4913
884
8287
2997
2691
9571
8291
4279
4586
7839
7520
3350
9391
8274
5128
5325
6496
4571
3224
8921
4331
3082
8223
8211
2288
9000
5426
3694
5117
9156
4738
3135
7433
8600
3163
5284
2179
1530
345
2593
9295
8408
8236
7907
6187
1281
9795
916
773
2594
2123
4051
5171
2816
1215
6998
8587
4282
6157
1118
5355
1079
3044
4146
5099
7494
3134
6569
421
1371
4834
6479
2019
5173
6467
4554
9064
1315
6032
530
6330
1115
4907
47
3016
1734
2333
4576
1395
2220
8674
9722
1626
8780
8378
1573
3049
5617
2034
933
5123
7623
1548
6346
5360
4736
2729
8331
1769
2198
31
3883
2537
768
7183
9404
3294
2618
7370
2365
6587
7569
9607
8584
9768
5500
5109
7621
728
3179
2225
2493
5036
1446
7359
4095
8688
53
1212
6411
4857
3962
3541
5039
2250
2781
2653
3367
7205
7132
2324
3168
6833
4896
5735
5079
9354
2026
7258
2591
475
2990
300
430
7857
8715
4679
7140
4869
2050
2935
3272
4796
6139
9743
8166
4435
117
925
8063
7507
9434
5835
9170
4789
9312
5694
6545
4395
28
3165
6184
6760
3203
9222
7313
1549
2910
3120
4903
9404
1649
3876
217
5214
2405
8573
9825
3922
5484
1239
7663
5272
9485
165
474
7980
342
6857
481
2411
8561
7138
724
6989
7794
2592
7443
1379
2742
4714
722
28
4097
6262
6599
4215
9608
2958
2449
9796
1177
4017
8165
505
8042
7326
4218
7472
8145
2676
4459
7702
3834
5556
2328
9995
7023
4836
6043
1262
2808
5570
4434
1880
1253
7308
6251
4731
6912
9555
4684
9385
3397
9983
6497
226
5485
2523
1876
4485
6146
5417
6133
7667
5734
7368
7215
94
3401
5013
5809
3067
8821
9967
2992
2177
6426
3575
4632
3209
1898
7331
6023
1885
1391
3797
337
675
3131
3600
1734
4844
4766
1567
59
7544
974
6571
4929
6699
58
4703
6775
5950
181
1200
2138
7272
9089
49
2157
6808
6451
7822
7558
1651
3841
5597
6661
8616
4007
5242
7084
2504
9391
8918
6535
5118
72
5211
1805
2600
3979
7433
1936
8417
3339
7027
8204
1083
4509
6180
3099
2547
2398
8735
9166
4395
6189
1863
2728
1969
1131
4890
8616
7222
3631
5256
5741
9140
5288
6024
8438
672
5604
4656
8158
6755
6881
4317
7415
2499
4236
7962
3766
9702
4661
3105
1508
2571
5232
4237
2412
1805
7007
1578
3178
3979
692
2689
3630
3406
6072
7153
7796
6345
7183
7457
5195
2737
4743
5646
7351
67
5951
4657
8873
2511
7687
468
3826
9409
5718
6534
9315
8526
3320
4967
9195
5089
6925
7874
6813
463
9552
8377
3498
1440
6417
4113
5666
5738
1281
7040
1508
9773
8096
1882
8395
6328
5101
7215
3553
753
6918
3090
3632
3433
3763
2417
1694
9382
8690
4797
3418
3052
8750
9018
8959
4904
9050
5940
6707
1484
7975
8910
5188
4223
3197
7534
3491
2028
4854
3096
8750
5879
3388
1732
2113
2825
692
3489
4220
7195
9097
8565
7126
9069
7096
1307
952
7719
4654
6966
8616
2498
4444
3628
3681
5731
1098
4603
8451
3556
3762
6676
9710
4046
4051
5199
7642
1441
4934
8803
4518
5128
9230
5169
1107
2471
8744
1679
8012
3909
3843
7593
8991
7629
3358
2950
7341
4992
7663
8698
2219
2988
3365
4859
9884
7242
1362
7586
5877
2565
9184
5704
8956
3594
1915
8996
6144
6220
6580
5441
900
1685
9761
2083
8659
4904
5849
1687
1368
906
2994
2628
754
2309
9502
8114
609
4020
5214
8192
2053
9983
2847
8339
4046
3286
4109
1959
9499
9454
3268
506
1603
7721
957
5782
4747
1702
5793
2763
6439
2862
4144
8354
1841
5573
3543
3074
3841
6983
6009
8496
2422
8189
8649
5869
581
1457
9641
8461
6022
9565
1136
4804
2053
3835
2529
7432
272
3657
7075
9295
4715
6653
9132
7981
6531
7502
27
8504
4348
3043
368
4622
6702
3296
750
1959
4656
7729
4206
6946
9620
8135
3296
4483
9362
6545
6189
6872
5620
4699
9267
5199
7413
1027
79
4712
5132
4161
9456
3865
1014
8947
9272
7173
5790
8762
8163
976
3143
8961
7070
8678
26
4926
413
96
832
6249
6516
8195
3117
1904
7449
4284
6235
8835
8661
331
3496
2133
5015
7263
6013
7184
6978
1354
7729
5910
8648
7194
7307
9705
1854
1594
2728
7284
7580
6653
3545
8998
9776
3807
5573
883
9204
9921
7446
9868
7426
1710
7575
4760
6138
1275
4889
1184
9163
2375
2763
7285
6082
5063
274
74
8958
6498
8217
6060
2379
5586
6187
3349
5728
9473
2044
6763
2745
7574
557
6356
7980
3367
2138
7763
8723
4771
8369
4655
4509
2444
9169
4089
7729
7703
4025
9725
5080
7232
8880
7692
6537
7400
645
2832
1363
1195
3908
1059
6776
282
9249
16
7420
5020
7831
462
1746
436
8043
3422
9463
7702
4927
6358
3507
4061
1170
8456
8963
716
9503
8651
8932
4765
6736
8942
8804
8157
5518
3693
4123
3669
7459
4889
7824
4350
9734
8828
6229
5266
2589
6114
3587
4318
2528
6212
8416
267
4218
3211
6854
2315
7848
9721
2451
158
9230
8952
71
8752
82
4248
8439
4418
7599
7362
672
4675
8868
6167
7839
3255
209
4484
7128
5722
7220
6273
7278
1666
9704
7020
8409
7088
9040
5879
8157
6203
74
5487
4405
937
2096
449
7549
7667
6513
1432
8403
7555
4983
4103
9595
8313
7074
5250
9378
6196
8044
9594
7438
1649
2423
6319
2786
7930
9864
1273
6647
6395
4143
7157
4788
576
8384
8271
9589
7889
7281
6253
5535
5824
539
8207
147
2100
4785
5784
7042
6667
7534
3469
6850
7011
1052
9699
2289
2146
4768
5708
3318
6669
9949
2201
8306
9922
9107
6899
6544
8209
302
1756
2822
7490
9339
3988
8629
4602
1971
7522
4490
5272
5891
3322
470
2074
4993
9915
3619
4898
3813
7325
1051
4726
7755
1502
6954
8930
7738
4292
322
9410
2144
3039
9378
7412
1414
6830
5536
2966
4338
3982
2886
5067
852
1304
8905
8875
8932
1017
2807
3652
8764
4967
9
9746
1699
4788
8052
1601
8715
1147
9426
2399
2296
6366
214
2692
7603
364
6697
8788
5811
2028
4576
9276
1869
604
8987
1460
2547
178
788
1672
6824
3605
430
2247
2334
1089
5388
4368
2723
4471
282
8131
6554
1858
9127
7145
4517
1778
6786
2158
9540
7205
826
552
9121
9141
4033
1972
6582
6762
3189
4465
2737
1084
4512
7862
7966
9300
3775
1326
4059
2487
2887
9738
8584
1735
8182
6288
9117
7869
5483
7597
3015
6190
3953
2883
5058
540
9693
3145
6134
7312
5579
7333
7923
9405
4340
8435
2341
3386
2310
2999
3511
4767
4361
3378
898
8294
8338
4537
2436
4270
5320
6747
4791
3133
1609
3194
437
2000
8437
8699
6769
6143
4560
4065
5084
4065
4131
8611
2583
1
8726
6363
8853
1403
9251
6643
1260
3336
7002
640
7071
7899
3702
1078
1189
6582
6440
7141
3052
2348
4521
4835
2337
3488
277
8643
7493
2884
6953
4710
8414
4717
6881
1245
1256
7894
9477
2067
6603
6109
9317
1654
5904
3688
7685
3298
3872
1721
6895
2882
7086
4642
6467
3722
4261
8479
3228
7016
3032
8143
427
5516
8604
5874
7788
9671
2724
1357
2643
4501
5967
6049
6120
3054
2939
1951
1417
3321
7981
6742
376
6940
4539
5429
3454
9368
1676
4982
4986
9136
4953
8922
4576
6284
9795
1600
5522
1423
1414
9039
739
9649
8570
2317
4735
4936
7723
2494
4472
8645
9899
9778
6986
1818
931
8438
1186
9234
6907
7313
3059
1346
4616
7521
6136
7265
9641
4771
9864
5769
6504
8985
5452
8765
9062
4168
7270
1912
1413
6279
6288
4215
9374
7275
5828
4506
2428
6881
1830
3876
6769
9204
2507
2260
3071
8070
8178
4611
806
2853
2740
8162
723
8438
9182
1867
3793
7146
777
4044
7256
4706
9843
6821
2930
2815
6262
2674
9485
8872
7067
2417
4869
5636
1160
1013
3159
273
8973
1470
8491
235
2270
7399
8550
6279
6568
7004
2820
6046
8153
8959
6609
8936
6629
1228
9797
9549
4867
6096
9049
550
6153
3664
6186
1959
2876
4125
4750
9180
7910
9365
9213
3852
413
2196
930
4674
1841
373
3568
9359
2971
7203
8014
9082
6075
1079
3059
2588
8415
2047
1536
8449
2424
4906
777
980
1943
2279
2934
1199
6820
4022
2357
5609
2487
8580
8403
1859
9302
2563
9655
8312
6427
2047
8442
6132
3806
844
709
7670
3796
4368
5914
5842
1371
9143
9036
9958
9916
8640
1347
9212
8119
8282
9552
6426
7630
7780
5381
3814
1470
3187
4843
2094
1795
6858
1721
9547
8084
7928
4938
3531
1553
9255
3421
5441
2828
8462
9479
404
6063
5664
849
7057
8073
6673
527
7849
1124
4638
4983
1312
4004
6406
4218
6669
6128
4133
1804
2664
7753
2298
9869
6104
5328
2141
2629
1025
2693
7841
2778
46
4009
2285
866
2227
152
2623
1237
1299
487
9386
3844
1498
7177
686
8447
1030
3085
1549
8836
1275
4574
7799
5271
3989
4968
6718
4719
5507
5443
4398
2544
3620
9978
806
2411
2584
5182
7587
7734
4495
1167
29
7450
6455
9957
1027
1195
5289
3196
1984
8933
9242
4690
3212
992
5416
7838
5761
2049
2131
2013
1561
4497
2440
1462
6072
2499
8320
3594
3892
3199
8906
864
9203
7278
1262
537
3105
4636
4811
6895
1705
9562
6059
6336
6521
7196
9065
4651
9251
8505
4374
9612
2289
3966
4026
5935
8553
2484
2537
5575
5070
3199
2379
7015
2381
9171
8054
2158
5462
722
9168
6853
3949
1695
3060
6994
1503
8421
9800
1314
369
9062
5764
9780
1051
2208
1773
9067
3166
5312
9035
9642
7842
8584
3269
2507
2441
4736
54
3365
8234
4425
9210
8716
9116
8998
8100
5504
4037
7199
9490
5122
5564
8295
1655
7841
4564
4441
2695
1876
8512
551
9173
4881
6499
1469
252
2576
7894
4596
678
5963
720
4306
5983
3821
528
1333
7213
7542
6185
231
3666
7142
2223
3374
7667
9720
9869
9734
9959
8669
1466
9426
6042
3090
7284
6156
678
7249
9100
9444
1636
8303
6038
3334
2559
3108
9364
2355
689
5386
4443
7506
8473
7626
5384
7661
6684
501
9019
2020
4246
5856
3068
3797
5230
8795
8816
9210
594
6319
9606
7559
2253
6027
6693
1673
2717
8826
3521
6583
2275
9648
8781
5186
7743
6186
6790
8786
8452
5073
2821
5324
5868
5982
9323
1155
3087
3065
5157
7994
9527
8613
3732
5002
5521
4758
583
6046
4133
4070
8654
1138
7347
2245
3342
6083
6419
8612
6749
8567
8401
5680
5538
7782
4611
618
23
8022
5196
7362
1298
3907
3763
7633
7327
2242
6291
228
890
367
696
4076
8532
8575
873
7572
5067
6196
5982
9585
2707
1884
4726
6984
1402
6731
417
2949
5446
1267
1890
2205
6677
3286
1905
5702
2365
6270
9174
62
4715
4887
6205
1777
1483
6223
6385
6572
8335
6156
6530
8643
8841
3658
2787
5622
5126
5752
7440
6873
4158
4274
5845
9042
2181
650
7207
2263
5563
1586
575
1800
8417
5000
3891
9132
7350
270
8740
6371
5801
1578
4004
8988
7392
3861
7102
5337
9201
4096
9358
1400
7920
367
3474
9285
5374
3403
3003
3014
3183
2692
6192
3295
8119
7615
4130
8161
9727
5648
4622
3321
4544
1202
5795
7124
6425
181
3706
5019
5802
1532
8392
2360
1736
3102
7088
2927
9194
9093
4765
2819
4876
6819
5098
8657
4663
4674
7332
8966
1000
4816
5109
8288
3048
6818
6229
6293
2039
1855
3056
9837
1643
6841
8127
6370
10000
3034
5095
9015
2917
6209
4987
6661
6606
3782
407
8351
4108
356
9658
952
4716
1979
2102
1606
1492
1386
4942
2756
2128
1233
5367
8844
5022
5261
6954
7079
6828
7396
7496
563
2938
7385
82
4492
1805
3840
5231
3806
7516
8361
7669
481
862
7673
7635
8410
528
8250
8545
9942
2100
6249
6655
6207
87
2658
9327
7346
111
2770
6497
6389
478
1682
856
6561
6639
2460
2939
396
1893
4378
2876
7891
1514
317
5338
5205
7563
279
5456
9708
7516
3846
8506
1908
9072
2220
9113
4209
5581
823
2503
4236
8901
3198
9110
8103
3403
7474
8667
7533
6831
4422
9804
4528
662
5529
9315
7578
8704
7341
3898
7296
755
7831
1904
4354
1765
5470
7665
8127
8279
9499
4091
1396
6770
4988
3607
2743
6902
7562
1810
8347
3635
6775
2947
2443
8087
9457
3456
6273
4614
6828
9705
4889
9481
5812
4332
7979
3421
1139
3644
8893
5652
3104
8812
9545
4168
9525
7678
9653
6617
1232
4594
2904
5871
652
2197
4764
1588
2854
3921
8858
5712
9955
2714
4036
8069
262
7600
2552
4052
7011
282
8803
7341
5046
1357
846
7403
2427
5267
586
7376
9082
1814
1986
9222
3842
841
6501
1653
6679
2084
7223
9760
666
5051
1942
3209
3642
3996
4915
9983
2013
4793
2701
6117
1871
6548
9162
7466
8171
3614
8584
2895
1087
7405
3273
937
9933
9080
4760
3638
1285
6216
1208
3816
3751
8248
7560
2680
9004
657
1401
4890
9805
9034
5798
4172
1149
2257
7287
8469
9079
7046
7727
2569
3645
1786
2477
9225
6926
9967
1080
6750
5980
6013
4297
684
7626
7407
9879
9441
5362
8718
2571
6087
7750
3033
4274
3908
3641
6656
7761
228
6476
306
7418
1255
179
2157
1238
1881
2672
7149
1928
9969
9197
968
4559
4746
6219
7116
8120
4310
9952
6921
2247
7481
6483
7817
6161
2321
2026
6186
3495
7268
6669
5978
9703
7305
6404
7088
7320
825
215
6350
6997
6442
7276
9175
7801
2875
1937
1573
6569
196
1201
9679
6805
1717
4977
8526
900
498
2171
6545
3750
6062
6238
7505
5805
4530
1396
3019
2704
3568
6410
3490
2203
6669
6974
1548
9902
578
5752
2223
9652
2537
9340
9794
4951
8298
967
5658
235
2189
8528
1844
8924
6317
2020
9168
1040
8551
8751
7617
1016
906
5516
2860
4951
8581
3757
8491
770
8374
2958
3289
1993
3849
4125
6586
3343
8817
6621
7769
8904
2930
5716
2661
8076
385
1201
3949
3263
7305
8675
4880
5819
4328
8493
1649
512
4842
9627
9985
2220
6154
857
6926
8558
9673
9925
3348
6577
3037
8098
193
9376
6288
2882
4466
1350
3805
8375
8546
8415
3334
7142
4047
5417
39
2907
8964
7253
2483
1144
9996
9978
9428
3191
3761
4462
3887
697
4974
4734
7018
5077
6726
6153
2226
7970
9639
1622
1913
2666
9198
899
9270
9222
9961
3939
7495
2561
8343
6034
2465
4092
3283
6273
8435
3232
8627
5943
6428
5148
8533
7957
484
6190
3321
4364
5242
5445
440
1845
224
4434
8516
540
1046
3376
6336
289
9847
7799
9481
5624
9339
46
4844
8966
424
7440
4684
1524
6238
6194
8683
5080
4265
5168
7478
4274
9443
3765
7458
5265
3886
3694
4084
194
3614
8408
8415
6062
4303
3471
6327
5428
2474
9969
9807
7671
2135
9748
5576
7133
318
4963
9145
5242
6435
3505
4654
352
802
1486
5437
3151
7003
6966
8692
2703
6505
7984
2629
9214
9682
1624
5625
1973
4934
1551
1749
4541
6960
5356
930
7390
6714
5001
1594
4676
6640
3101
9422
5503
2886
2441
2197
8708
8174
1219
8648
8742
5512
1526
3361
644
769
2870
4047
1276
4860
7729
4604
7144
1185
7631
7929
4065
9775
2269
511
1957
9560
5764
6803
2472
5248
2694
6130
1033
3960
4822
1028
6805
4425
7314
1114
7029
6848
5585
8264
